| plus|minus|       a    |      b     |      c     | crpix1  | crpix2  | xmin | xmax | ymin | ymax | xcenter | ycenter |  npixel |    rms     |    boxx    |    boxy    |  boxwidth  | boxheight  |   boxang   |
     1     2  1.03200e-07  2.20652e-07  8.29646e-01    853.00     21.00   -853   -351    -20     32   -595.95      5.50     17137  5.65196e-04       -602.0          6.0         54.0        502.0         90.0
     1     7 -8.55823e-05  3.72212e-05  3.84701e+00    425.00    789.00   -425   -351   -788     32   -387.06   -343.80     46135  7.46115e-01       -387.5       -378.0        822.0         75.0         90.0
     2     3 -3.37728e-03 -1.67100e-03  2.65301e+00    425.00   -180.00   -425   -352    181   1002   -388.98    583.93     48375  7.61206e-01       -388.0        591.0        822.0         74.0         90.0
     2     7  4.29685e-03 -4.22692e-04  4.59770e+00    425.00     20.00   -425   -351    -20    233   -388.07    106.40     15268  6.89552e-01       -388.0        106.5        253.0         74.0         90.0
     3     5  2.88700e-03  1.37765e-03 -1.29194e+00     -2.00   -180.00      3     77    181   1001     40.10    588.60     50131  7.31880e-01         40.0        590.5        821.0         76.0         90.0
     3     7  4.78232e-07  7.36476e-07 -6.72763e-01    425.00   -180.00   -425     77    181    233   -170.85    206.99     18185  4.94884e-04       -174.0        206.5         53.0        502.0         90.0
     4     5  1.04118e-05 -3.08186e-06 -2.51075e-01     -2.00     21.00      3    504    -21     31    280.82      4.84     15977  9.98452e-04        253.5          5.5         53.0        503.0         90.0
     4     7  2.52325e-03  3.35761e-04  4.64578e-01     -2.00    789.00      2     77   -788     31     39.94   -384.43     50086  7.42757e-01         40.0       -378.5        821.0         76.0         90.0
     4     8 -2.10194e-03 -8.36897e-04  3.08961e+00   -430.00    784.00    431    504   -783     31    467.62   -380.07     50041  6.73029e-01        467.5       -376.0        816.0         75.0         90.0
     5     6 -2.43079e-03  2.98782e-04  2.06078e+00   -431.00   -185.00    432    505    186   1000    468.12    588.35     50498  6.93549e-01        468.0        593.0        816.0         74.0         90.0
     5     7  7.78170e-03 -3.64102e-03  6.90174e-01     -2.00     21.00      3     77    -21    233     40.12    107.36     15856  7.82226e-01         40.0        106.0        254.0         76.0         90.0
     5     8 -6.97994e-03 -1.94143e-03  6.01278e+00   -431.00     21.00    432    504    -21    238    467.78    108.69     15990  6.65746e-01        468.0        109.0        260.0         74.0         90.0
     6     8 -1.65679e-07  9.48603e-07  1.26035e+00   -432.00   -185.00    432    934    186    238    665.36    211.91     19114  3.92824e-04        683.0        212.0         54.0        502.0         90.0
